24
91.76 70.59 128.28 82.76 111.82 54.55 
104.12 74.71 128.28 82.76 118.93 66.73 
49.57 56.52 128.28 82.76 80.0 0.0 
128.28 82.76 150.0 90.0 141.92 106.15 
75.0 65.0 128.28 82.76 102.11 37.89 
20.0 120.0 104.12 74.71 75.0 65.0 
10.0 130.0 75.0 65.0 49.57 56.52 
49.57 56.52 60.0 60.0 60.0 37.14 
80.0 0.0 124.44 44.44 111.82 54.55 
80.0 0.0 137.0 57.0 118.93 66.73 
80.0 0.0 80.0 0.0 80.0 0.0 
80.0 0.0 80.0 0.0 80.0 0.0 
80.0 0.0 156.67 76.67 141.92 106.15 
80.0 0.0 110.0 30.0 102.11 37.89 
20.0 120.0 118.93 66.73 102.11 37.89 
80.0 0.0 80.0 0.0 80.0 0.0 
10.0 130.0 102.11 37.89 80.0 0.0 
20.0 120.0 137.0 57.0 110.0 30.0 
10.0 130.0 110.0 30.0 80.0 0.0 
20.0 120.0 71.0 92.54 55.65 84.35 
10.0 130.0 55.65 84.35 39.28 75.62 
10.0 130.0 10.0 130.0 10.0 130.0 
50.0 170.0 160.0 170.0 140.0 180.0 
50.0 170.0 120.0 170.0 98.46 175.38 
